  4
 75
 45
 96
 44
 61
 50
 64
 27
 32
 74
 42
 80
 31
  925
 857
 671
 673
 258
 719
 165
 160
 881
 279
 594
  14
 137
 179
 216
 139
 759
 756
 664
 292
 119
 723
 826
 157
 540
 643
 626
 605
 541
 842
 301
 733
 903
 170
 230
 469
 482
  26
 693
 164
 920
 387
 640
 685
 466
 822
 832
 185
 812
 599
 283
 426
 275
  12
 391
 909
 112
 823
 138
 985
  92
 281
 398
 953
 904
 339
 117
  89
 699
 235
 226
 874
 169
 799
 294
 659
 459
  78
  60
 915
 462
 186
 730
 311
  88
 513
 928
  52
 798
 422
 329
 343
 432
 392
 684
  84
 465
 163
 885
 420
 633
 926
 349
 941
 393
 338
 377
 142
 815
 721
 129
 711
 452
 581
 559
 714
 604
 123
 562
  16
 495
 100
 184
  57
 608
 414
 574
 828
  55
 218
 494
 679
 597
 204
 378
 814
 552
 247
  72
 595
  56
 364
 989
 446
 697
 683
 219
 253
 942
 850
 893
  22
 621
1000
 118
 808
 754
 878
 173
 607
 819
 937
 327
 983
 455
 853
  66
 533
 369
 776
 841
 485
 751
 512
  75
 436
 348
 561
 899
 189
 655
 658
 310
 940
 361
 836
 563
  69
 315
 860
 867
 278
 517
 108
 617
 644
 530
 946
 971
 783
 687
 763
  59
 806
 897
 886
 479
 590
  51
 344
 223
 876
 107
 743
 653
 810
 951
 201
 197
 357
 849
 167
 778
 794
 375
 834
   9
 695
  90
 252
 147
 892
 802
 262
 150
 887
 840
 779
 244
 276
 845
  27
   2
 195
 318
 811
 628
 298
 181
 672
 769
 360
 539
 234
 159
 912
  40
 760
 875
 323
  44
 487
 984
  94
 707
 148
 130
 809
 618
 103
 502
 492
 145
  77
  58
 638
 674
 786
 736
 880
 322
 336
 727
  54
 556
 313
 738
 863
 987
 135
 350
  70
  42
 717
 879
  23
 725
 825
 498
 686
 534
 821
 353
 933
 976
 156
 114
 213
  61
 883
 442
 358
 379
 231
 656
 677
 642
 667
 980
  99
 758
 564
 665
 715
 261
 703
 630
 526
  31
 651
   4
 308
 203
 625
 531
 109
 710
 149
 967
 583
 514
 101
 861
 441
 932
 797
 566
 217
 476
 955
 784
 345
 829
 264
 846
 206
 827
 615
 873
 793
 372
 110
 521
 960
 444
 611
 287
 649
 865
 807
  62
 383
 435
 194
 601
 528
 134
 507
 648
 330
 896
 593
 506
 728
 373
  29
 741
 511
 297
 589
  43
  17
 232
 724
 300
 734
 650
 660
 864
 175
 848
 352
 795
 554
 891
 627
 136
 475
 438
 889
 851
 128
  63
 858
 302
 787
 661
 958
 274
 316
 153
  47
 772
 788
 243
 902
 750
 331
 363
 457
 748
 381
 371
 115
 304
 997
 480
 780
 524
 856
 527
 782
 256
 538
 647
 409
 952
 830
 430
 890
 774
 176
 576
 852
  86
  50
 133
 930
  65
  74
 424
  82
 838
 461
 969
 771
  87
 406
 116
 269
  49
 833
 187
 307
 654
 781
 662
 632
 964
 515
 146
 982
 483
 592
 410
 720
 555
 965
 914
 818
 277
 227
 624
 732
 120
 376
  20
 501
  64
  32
 612
 701
 954
 966
 549
 542
 737
  96
 992
 761
 121
 397
 254
 803
 209
 945
 974
 141
 800
 869
 272
 470
  67
 102
 696
 168
  24
 456
 122
 192
 939
 768
 131
 688
 994
  11
 963
 977
 257
 804
 993
 817
 753
 193
 104
 917
 366
 785
 280
 265
 523
  98
 255
 831
 722
 249
 389
 271
 934
 183
 908
 577
  80
 428
 918
 646
 603
 212
 411
  21
 450
 988
 384
 898
 359
 735
 394
 238
 312
  71
  15
 286
 970
  85
 947
 144
 948
 762
 463
 295
 573
 558
 924
 775
 233
   8
  95
 290
 792
 712
 178
 127
  30
 447
 248
 670
 365
 956
 464
 986
 668
 855
  13
 529
 791
 911
 237
 296
 882
  19
  25
 820
 931
 333
 622
  18
 535
 919
 975
 162
 405
 328
 154
 111
 929
 999
 400
 900
 713
 321
 124
 635
  10
 332
 824
 675
 335
  400
 900
 713
 321
 124
 635
  10
 332
 824
 675
 335
 451
  36
 497
 267
 334
 342
 425
 429
 789
 509
 726
 905
 690
 404
 367
 745
 484
 151
 862
 580
 293
 504
 610
 766
 525
 962
 299
 126
 317
 692
 477
 236
 935
  91
 449
 341
 700
 143
 959
 228
 222
 706
 575
 591
 458
 676
 847
 805
 943
 520
 220
 468
 205
 199
 634
 266
 729
 854
 382
 569
 439
 516
 716
 639
 536
 740
 491
 417
 180
 636
 835
 790
   1
 682
 596
 586
 418
 680
  37
 489
 467
 657
 560
  34
 396
 198
 346
 921
 166
 872
 386
 270
 548
  28
 990
 565
 434
 340
 288
 448
 399
 415
 981
 637
 866
 871
 284
 326
 543
 214
  33
 354
 106
 747
 613
 749
 503
 631
 708
 490
 356
 240
 453
 702
 182
 225
 572
 757
 645
 421
 616
 401
 408
  81
 694
 508
 416
 652
 419
  41
 229
 801
 132
 705
 125
 770
 289
 546
  68
 306
 944
 957
  97
  48
 606
 427
 923
 443
 839
  83
 309
 578
 510
 978
 843
 440
 478
 950
  93
 263
 609
 202
 571
 895
 767
   7
 551
 922
 437
 519
 689
 641
 773
 991
  53
 614
 423
 355
 395
  73
 796
 388
 320
 303
 374
 473
 245
 588
 260
 979
 155
 285
 906
 584
 319
 582
 177
 241
 870
 570
 816
 161
 550
 273
 777
 291
 407
 681
 368
 305
 505
  76
 210
 314
 545
  38
 718
  35
 460
 813
 998
 445
 496
 499
 471
 190
 949
  39
 239
 250
 907
 765
 894
 598
 704
 544
 913
 585
 755
 431
 403
 837
 474
 488
 493
 268
 859
 691
 972
 211
 242
 746
   6
 385
 698
 901
 936
 666
 587
 744
 537
 191
 224
 351
 370
 413
 522
 347
 884
 877
 105
 968
 140
 188
 868
 731
 579
 454
 282
 629
 938
 171
 557
  45
  79
 623
 215
 251
 995
 669
 709
 910
 221
 916
 764
 196
 325
 172
 152
 324
 568
 973
   5
 362
 996
 927
 752
 259
 620
 390
 380
 208
 451
  36
 497
 267
 334
 342
 425
 429
 789
 509
 726
 905
 690
 404
 367
 745
 484
 151
 862
 580
 293
 504
 610
 766
 525
 962
 299
 126
 317
 692
 477
 236
 935
  91
 449
 341
 700
 143
 959
 228
 222
 706
 575
 591
 458
 676
 847
 805
 943
 520
 220
 468
 205
 199
 634
 266
 729
 854
 382
 569
 439
 516
 716
 639
 536
 740
 491
 417
 180
 636
 835
 790
   1
 682
 596
 586
 418
 680
  37
 489
 467
 657
 560
  34
 396
 198
 346
 921
 166
 872
 386
 270
 548
  28
 990
 565
 434
 340
 288
 448
 399
 415
 981
 637
 866
 871
 284
 326
 543
 214
  33
 354
 106
 747
 613
 749
 503
 631
 708
 490
 356
 240
 453
 702
 182
 225
 572
 757
 645
 421
 616
 401
 408
  81
 694
 508
 416
 652
 419
  41
 229
 801
 132
 705
 125
 770
 289
 546
  68
 306
 944
 957
  97
  48
 606
 427
 923
 443
 839
  83
 309
 578
 510

 496
 499
 471
 190
 949
  39
 239
 250
 907
 765
 894
 598
 704
 544
 913
 585
 755
 431
 403
 837
 474
 488
 493
 268
 859
 691
 972
 211
 242
 746
   6
 385
 698
 901
 936
 666
 587
 744
 537
 191
 224
 351
 370
 413
 522
 347
 884
 877
 105
 968
 140
 188
 868
 731
 579
 454
 282
 629
 938
 171
 557
  45
  79
 623
 215
 251
 995
 669
 709
 910
 221
 916
 764
 196
 325
 172
 152
 324
 568
 973
   5
 362
 996
 927
 752
 259
 620
 390
 380
 208
 451
  36
 497
 267
 334
 342
 425
 429
 789
 509
 726
 905
 690
 404
 367
 745
 484
 151
 862
 580
 293
 504
 610
 766
 525
 962
 299
 126
 317
 692
 477
 236
 935
  91
 449
 341
 700
 143
 959
 228
 222
 706
 575
 591
 458
 676
 847
 805
 943
 520
 220
 468
 205
 199
 634
 266
 729
 854
 382
 569
 439
 516
 716
 639
 536
 740
 491
 417
 180
 636
 835
 790
   1
 682
 596
 586
 418
 680
  37
 489
 467
 657
 560
  34
 396
 198
 346
 921
 166
 872
 386
 270
 548
  28
 990
 565
 434
 340
 288
 448
 399
 415
 981
 637
 866
 871
 284
 326
 543
 214
  33
 354
 106
 747
 613
 749
 503
 631
 708
 490
 356
 240
 453
 702
 182
 225
 572
 757
 645
 421
 616
 401
 408
  81
 694
 508
 416
 652
 419
  41
 229
 801
 132
 705
 125
 770
 289
 546
  68
 306
 944
 957
  97
  48
 606
 427
 923
 443
  416
 652
 419
  41
 229
 801
 132
 705
 125
 770
 289
 546
  68
 306
 944
 957
  97
  48
 606
 427
 923
 443
 839
  83
 309
 578
 510
 978
 843
 440
 478
 950
  93
 839
  83
 309
 578
 510
 978
 843
 440
 478
 950
  93
 263
 609
 202
 571
 895
 767
   7
 978
 843
 440
 478
 950
  93
 263
 609
 202
 571
 895
 767
   7
 551
 922
 437
 519
 689
 641
 773
 991
  53
 614
 423
 355
 395
  73
 796
 388
 320
 303
 374
 473
 245
 588
 260
 979
 155
 285
 906
 584
 319
  773
 991 901
 936
 666
 587
 744
 537
 191
 224
 351
 370
 413
 522
 347
 884
 877
 105
 968
 140
 188
 868
 731
 579
 454
 282
 629
 938
 171
 557
  45
  79
 623
 215
 251
 995
 669
 709
 910
 221
 916
 764
 196
 325
 172
 152
 324
 568
 973
   5
 362
 996
 927
 752
 259
 620
 390
 380
 208
 451
  36
 497
 267
 334
 342
 425
 429
 789
 509
 726
 905
 690
 404
 367
 745
 484
 151
 862
 580
 293
 504
 610
 766
 525
 962
 299
 126
 317
 692
 477
 236
 935
  91
 449
 341
 700
 143
 959
 228
 222
 706
 575
 591
 458
 676
 847
 805
 943
 520
 220
 468
 205
 199
 634
 266
 729
 854
 382
 569
 439
 516
 716
 639
 536
 740
 491
 417
 180
 636
 835
 790
   1
 682
 596
 586
 418
 680
  37
 489
 467
 657
 560
  34
 396
 198
 346
 921
 166
 872
 386
 270
 548
  28
 990
 565
 434
 340
 288
 448
 399
 415
 981
 637
 866
 871
 284
 326
 543
 214
  33
 354
 106
 747
 613
 749
 503
 631
 708
 490
 356
 240
 453
 702
 182
 225
 572
 757
 645
 421
 616
 401
 408
  81
 694
 508
 416
 652
 419
  41
 229
 801
 132
 705
 125
 770
 289
 546
  68
 306
 944
 957
  97
  48
 606
 427
 923
 443
 839
  83
 309
 578
 510

 496
 499
 471
 190
 949
  39
 239
 250
 907
 765
 894
 598
 704
 544
 913
 585
 755
 431
 403
 837
 474
 488
 493
 268
 859
 691
 972
 211
 242
 746
   6
 385
 698
 901
 936
 666
 587
 744
 537
 191
 224
 351
 370
 413
 522
 347
 884
 877
 105
 968
 140
 188
 868
 731
 579
 454
 282
 629
 938
 171
 557
  45
  79
 623
 215
 251
 995
 669
 709
 910
 221
 916
 764
 196
 325
 172
 152
 324
 568
 973
   5
 362
 996
 927
 752
 259
 620
 390
 380
 208
 451
  36
 497
 267
 334
 342
 425
 429
 789
 509
 726
 905
 690
 404
 367
 745
 484
 151
 862
 580
 293
 504
 610
 766
 525
 962
 299
 126
 317
 692
 477
 236
 935
  91
 449
 341
 700
 143
 959
 228
 222
 706
 575
 591
 458
 676
 847
 805
 943
 520
 220
 468
 205
 199
 634
 266
 729
 854
 382
 569
 439
 516
 716
 639
 536
 740
 491
 417
 180
 636
 835
 790
   1
 682
 596
 586
 418
 680
  37
 489
 467
 657
 560
  34
 396
 198
 346
 921
 166
 872
 386
 270
 548
  28
 990
 565
 434
 340
 288
 448
 399
 415
 981
 637
 866
 871
 284
 326
 543
 214
  33
 354
 106
 747
 613
 749
 503
 631
 708
 490
 356
 240
 453
 702
 182
 225
 572
 757
 645
 421
 616
 401
 408
  81
 694
 508
 416
 652
 419
  41
 229
 801
 132
 705
 125
 770
 289
 546
  68
 306
 944
 957
  97
  48
 606
 427
 923
 443
  416
 652
 419
  41
 229
 801
 132
 705
 125
 770
 289
 546
  68
 306
 944
 957
  97
  48
 606
 427
 923
 443
 839
  83
 309
 578
 510
 978
 843
 440
 478
 950
  93
 839
  83
 309
 578
 510
 978
 843
 440
 478
 950
  93
 263
 609
 202
 571
 895
 767
   7
 978
 843
 440
 478
 950
  93
 263
 609
 202
 571
 895
 767
   7
 551
 922
 437
 519
 689
 641
 773
 991
  53
 614
 423
 355
 395
  73
 796
 388
 320
 303
 374
 473
 245
 588
 260
 979
 155
 285
 906
 584
 319
  773
 991 901
 936
 666
 587
 744
 537
 191
 224
 351
 370
 413
 522
 347
 884
 877
 105
 968
 140
 188
 868
 731
 579
 454
 282
 629
 938
 171
 557
  45
  79
 623
 215
 251
 995
 669
 709
 910
 221
 916
 764
 196
 325
 172
 152
 324
 568
 973
   5
 362
 996
 927
 752
 259
 620
 390
 380
 208
 451
  36
 497
 267
 334
 342
 425
 429
 789
 509
 726
 905
 690
 404
 367
 745
 484
 151
 862
 580
 293
 504
 610
 766
 525
 962
 299
 126
 317
 692
 477
 236
 935
  91
 449
 341
 700
 143
 959
 228
 222
 706
 575
 591
 458
 676
 847
 805
 943
 520
 220
 468
 205
 199
 634
 266
 729
 854
 382
 569
 439
 516
 716
 639
 536
 740
 491
 417
 180
 636
 835
 790
   1
 682
 596
 586
 418
 680
  37
 489
 467
 657
 560
  34
 396
 198
 346
 921
 166
 872
 386
 270
 548
  28
 990
 565
 434
 340
 288
 448
 399
 415
 981
 637
 866
 871
 284
 326
 543
 214
  33
 354
 106
 747
 613
 749
 503
 631
 708
 490
 356
 240
 453
 702
 182
 225
 572
 757
 645
 421
 616
 401
 408
  81
 694
 508
 416
 652
 419
  41
 229
 801
 132
 705
 125
 770
 289
 546
  68
 306
 944
 957
  97
  48
 606
 427
 923
 443
 839
  83
 309
 578
 510

 496
 499
 471
 190
 949
  39
 239
 250
 907
 765
 894
 598
 704
 544
 913
 585
 755
 431
 403
 837
 474
 488
 493
 268
 859
 691
 972
 211
 242
 746
   6
 385
 698
 901
 936
 666
 587
 744
 537
 191
 224
 351
 370
 413
 522
 347
 884
 877
 105
 968
 140
 188
 868
 731
 579
 454
 282
 629
 938
 171
 557
  45
  79
 623
 215
 251
 995
 669
 709
 910
 221
 916
 764
 196
 325
 172
 152
 324
 568
 973
   5
 362
 996
 927
 752
 259
 620
 390
 380
 208
 451
  36
 497
 267
 334
 342
 425
 429
 789
 509
 726
 905
 690
 404
 367
 745
 484
 151
 862
 580
 293
 504
 610
 766
 525
 962
 299
 126
 317
 692
 477
 236
 935
  91
 449
 341
 700
 143
 959
 228
 222
 706
 575
 591
 458
 676
 847
 805
 943
 520
 220
 468
 205
 199
 634
 266
 729
 854
 382
 569
 439
 516
 716
 639
 536
 740
 491
 417
 180
 636
 835
 790
   1
 682
 596
 586
 418
 680
  37
 489
 467
 657
 560
  34
 396
 198
 346
 921
 166
 872
 386
 270
 548
  28
 990
 565
 434
 340
 288
 448
 399
 415
 981
 637
 866
 871
 284
 326
 543
 214
  33
 354
 106
 747
 613
 749
 503
 631
 708
 490
 356
 240
 453
 702
 182
 225
 572
 757
 645
 421
 616
 401
 408
  81
 694
 508
 416
 652
 419
  41
 229
 801
 132
 705
 125
 770
 289
 546
  68
 306
 944
 957
  97
  48
 606
 427
 923
 443
  416
 652
 419
  41
 229
 801
 132
 705
 125
 770
 289
 546
  68
 306
 944
 957
  97
  48
 606
 427
 923
 443
 839
  83
 309
 578
 510
 978
 843
 440
 478
 950
  93
 839
  83
 309
 578
 510
 978
 843
 440
 478
 950
  93
 263
 609
 202
 571
 895
 767
   7
 978
 843
 440
 478
 950
  93
 263
 609
 202
 571
 895
 767
   7
 551
 922
 437
 519
 689
 641
 773
 991
  53
 614
 423
 355
 395
  73
 796
 388
 320
 303
 374
 473
 245
 588
 260
 979
 155
 285
 906
 584
 319
  773
 991
  53
 614
 423
 355
 395
  73
 796
 388
 320
 303
 374
 473
 245
 588
 260
 979
 155
 285
 906
 584
 319
 582
 177
 241
 870
 570
 816
 161
 550
 273
 777
 291
 407
 681
 368
 305
 582
 177
 241
 870
 570
 816
 161
 550
 273
 777
 291
 407
 681
 368
 305
 505
  76
 210
 314
 545
  38
 718
  35
 460
 813
 998
 445
 496
 499
 471
 190
 949
  39
 239
 250
 907
 765
 894
 598
 704
 544
 913
 585
 755
 431
 403
 837
 474
 488
 493
 268
 859
 691
 972
 211
 242
 746
   6
 385
 698
 901
 936
 666
 587
 744
 537
 191
 224
 351
 370
 413
 522
 347
 884
 877
 105
 968
 140
 188
 868
 731
 579
 454
 282
 629
 938
 171
 557
  45
  79
 623
 215
 251
 995
 669
 709
 910
 221
 916
 764
 196
 325
 172
 152
 324
 568
 973
   5
 362
 996
 927
 752
 259
 620
 390
 380
 208
 174
 553
 678
 567
 663
 246
 113
 337
 547
   3
 402
 742
 433
 961
 602
 532
 518
 619
 486
  46
 207
 600
 500
 472
 888
 412
 739
 844
 158
 200
 481
 742
 433 518
 619
 486
  46
 207
 600
 500
 472
 888
 412
 739
 844
 158
 200
 481
 742
 433
 961
 602
 532
 518
 619
 486
  46
 207
 600
 500
 472
 888
 412
 739
 844
 158
 200
 481
 12
 33
 57
 53
 63
 84
 47
 49
 29
  5
 11
 12
 33
 57
 53
 63
 84
 47
 49
 29
  5
 11
 18
100
 36
 90
 92
 58
 83
 19
 98
 26
 94
 16
 30
 93
 54
 51
 65
 99
 48
 52
 38
 88
 17
 66
 28
 46
 97
 34
 20
 21
 59
  9
 23
  2
 79
 14
 24
 37
 85
 10
 81
 86
 82
 55
 41
 76
  1
 87
 95
 43
 62
  3
 13
 71
  8
 73
 25
 39
 72
 91
  7
 67
 70
 78
 60
 89
 40
 56
 35
 68
 22
  6
 15
 77
 69
 83
  4
 61
 22
 12
 52
 55
 13
 29
 88
 39
 69
 89
 37
 25
 43
 46
 73
 70
  7
 23
 67
 14
 27
 24
 76
 15
 80
 11
 93
 56
 45
 48
 17
 62
 81
 53
 92
 40
 28
 35
 63
 64
 66
 16
 98
  3
 44
 86
 18
 30
 90
 95
 34
 57
 87
  5
 49
 65
 26
 51
 10
 74
 85
 20
  6
 96
  9
  2
 31
 91
  1
 41
 71
 72
100
 99
 84
  8
 60
 33
 75
 38
 58
 47
 54
 19
 79
 68
 82
 50
 36
 97
 21
 77
 78
 32
 94
 59
 42
 57
 87
  5
 49
 65
 26
 51
 10
 74
 85
 20
  6
 96
  9
  2
 31
 91
  1
 41
 71
 72
100
 99
 84
  8
 60
 33
 75
 38
 58
 47
 54
 19
 79
 68
 82
 50
 36
 97
 21
 77
 78
 32
 94
 59
 42
 57
 87
  5
 49
 65
 26
 51
 10
 74
 85
 20
  6
 96
  9
  2
 31
 91
  1
 41
 71
 72
100
 99
 84
  8
 60
 33
 75
 38
 58
 47
 54
 19 518
 619
 486
  46
 207
 600
 500
 472
 888
 412
 739
 844
 158
 200
 481
 742
 433
 961
 602
 532
 518
 619
 486
  46
 207
 600
 500
 472
 888
 412
 739
 844
 158
 200
 481
 12
 33
 57
 53
 63
 84
 47
 49
 29
  5
 11
 12
 33
 57
 53
 63
 84
 47
 49
 29
  5
 11
 18
100
 36
 90
 92
 58
 83
 19
 98
 26
 94
 16
 30
 93
 54
 51
 65
 99
 48
 52
 38
 88
 17
 66
 28
 46
 97
 34
 20
 21
 59
  9
 23
  2
 79
 14
 24
 37
 85
 10
 81
 86
 82
 55
 41
 76
  1
 87
 95
 43
 62
  3
 13
 71
  8
 73
 25
 39
 72
 91
  7
 67
 70
 78
 60
 89
 40
 56
 35
 68
 22
  6
 15
 77
 69
 83
  4
 61
 22
 12
 52
 55
 13
 29
 88
 39
 69
 89
 37
 25
 43
 46
 73
 70
  7
 23
 67
 14
 27
 24
 76
 15
 80
 11
 93
 56
 45
 48
 17
 62
 81
 53
 92
 40
 28
 35
 63
 64
 66
 16
 98
  3
 44
 86
 18
 30
 90
 95
 34
 57
 87
  5
 49
 65
 26
 51
 10
 74
 85
 20
  6
 96
  9
  2
 31
 91
  1
 41
 71
 72
100
 99
 84
  8
 60
 33
 75
 38
 58
 47
 54
 19
 79
 68
 82
 50
 36
 97
 21
 77
 78
 32
 94
 59
 42
 57
 87
  5
 49
 65
 26
 51
 10
 74
 85
 20
  6
 96
  9
  2
 31
 91
  1
 41
 71
 72
100
 99
 84
  8
 60
 33
 75
 38
 58
 47
 54
 19
 79
 68
 82
 50
 36
 97
 21
 77
 78
 32
 94
 59
 42
 57
 87
  5
 49
 65
 26
 51
 10
 74 36
 97
 21
 77
 78
 32
 94
 59
 42
 57
 87
  5
 49
 65
 26
 51
 10
 74
 85
 20
  6
 96
  9
  2
 31
 91
  1
 41
 71
 72
100
 99
 84
  8
 60
 33
 75
 38
 58
 47
 54
 19 518
 619
 486
  46
 207
 600
 500
 472
 888
 412
 739
 844
 158
 200
 481
 742
 433
 961
 602
 532
 518
 619
 486
  46
 207
 600
 500
 472
 888
 412
 739
 844
 158
 200
 481
 12
 33
 57
 53
 63
 84
 47
 49
 29
  5
 11
 12
 33
 57
 53
 63
 84
 47
 49
 29
  5
 11
 18
100
 36
 90
 92
 58
 83
 19
 98
 26
 94
 16
 30
 93
 54
 51
 65
 99
 48
 52
 38
 88
 17
 66
 28
 46
 97
 34
 20
 21
 59
  9
 23
  2
 79
 14
 24
 37
 85
 10
 81
 86
 82
 55
 41
 76
  1
 87
 95
 43
 62
  3
 13
 71
  8
 73
 25
 39
 72
 91
  7
 67
 70
 78
 60
 89
 40
 56
 35
 68
 22
  6
 15
 77
 69
 83
  4
 61
 22
 12
 52
 55
 13
 29
 88
 39
 69
 89
 37
 25
 43
 46
 73
 70
  7
 23
 67
 14
 27
 24
 76
 15
 80
 11
 93
 56
 45
 48
 17
 62
 81
 53
 92
 40
 28
 35
 63
 64
 66
 16
 98
  3
 44
 86
 18
 30
 90
 95
 34
 57
 87
  5
 49
 65
 26
 51
 10
 74
 85
 20
  6
 96
  9
  2
 31
 91
  1
 41
 71
 72
100
 99
 84
  8
 60
 33
 75
 38
 58
 47
 54
 19
 79
 68
 82
 50
 36
 97
 21
 77
 78
 32
 94
 59
 42
 57
 87
  5
 49
 65
 26
 51
 10
 74
 85
 20
  6
 96
  9
  2
 31
 91
  1
 41
 71
 72
100
 99
 84
  8
 60
 33
 75
 38
 58
 47
 54 532
 518
 619
 486
  46
 207
 600
 500
 472
 888
 412
 739
 844
 158
 200
 481
 12
 33
 57
 53
 63
 84
 47
 49
 29
  5
 11
 12
 33
 57
 53
 63
 84
 47
 49
 29
  5
 11
 18
100
 36
 90
 92
 58
 83
 19
 98
 26
 94
 16
 30
 93
 54
 51
 65
 99
 48
 52
 38
 88
 17
 66
 28
 46
 97
 34
 20
 21
 59
  9
 23
  2
 79
 14
 24
 37
 85
 10
 81
 86
 82
 55
 41
 76
  1
 87
 95
 43
 62
  3
 13
 71
  8
 73
 25
 39
 72
 91
  7
 67
 70
 78
 60
 89
 40
 56
 35
 68
 22
  6
 15
 77
 69
 83
  4
 61
 22
 12
 52
 55
 13
 29
 88
 39
 69
 89
 37
 25
 43
 46
 73
 70
  7
 23
 67
 14
 27
 24
 76
 15
 80
 11
 93
 56
 45
 48
 17
 62
 81
 53
 92
 40
 28
 35
 63
 64
 66
 16
 98
  3
 44
 86
 18
 30
 90
 95
 34
 57
 87
  5
 49
 65
 26
 51
 10
 74
 85
 20
  6
 96
  9
  2
 31
 91
  1
 41
 71
 72
100
 99
 84
  8
 60
 33
 75
 38
 58
 47
 54
 19
 79
 68
 82
 50
 36
 97
 21
 77
 78
 32
 94
 59
 42
 57
 87
  5
 49
 65
 26
 51
 10
 74
 85
 20
  6
 96
  9
  2
 31
 91
  1
 41
 71
 72
100
 99
 84
  8
 60
 33
 75
 38
 58
 47
 54
 19
 79
 68
 82
 50
 36
 97
 21
 77
 78
 32
 94
 59
 42
 57
 87
  5
 49
 65
 26
 51
 10
 74 36
 97
 21
 77
 78
 32
 94
 59
 42
 57
 87
  5
 49
 65
 26
 51
 10
 74
 85
 20
  6
 96
  9
  2
 31
 91
  1
 41
 71
 72
100
 99
 84
  8
 60
 33
 75
 38
 58
 47
 54
 19 518
 619
 486
  46
 207
 600
 500
 472
 888
 412
 739
 844
 158
 200
 481
 742
 433
 961
 602
 532
 518
 619
 486
  46
 207
 600
 500
 472
 888
 412
 739
 844
 158
 200
 481
 12
 33
 57
 53
 63
 84
 47
 49
 29
  5
 11
 12
 33
 57
 53
 63
 84
 47
 49
 29
  5
 11
 18
100
 36
 90
 92
 58
 83
 19
 98
 26
 94
 16
 30
 93
 54
 51
 65
 99
 48
 52
 38
 88
 17
 66
 28
 46
 97
 34
 20
 21
 59
  9
 23
  2
 79
 14
 24
 37
 85
 10
 81
 86
 82
 55
 41
 76
  1
 87
 95
 43
 62
  3
 13
 71
  8
 73
 25
 39
 72
 91
  7
 67
 70
 78
 60
 89
 40
 56
 35
 68
 22
  6
 15
 77
 69
 83
  4
 61
 22
 12
 52
 55
 13
 29
 88
 39
 69
 89
 37
 25
 43
 46
 73
 70
  7
 23
 67
 14
 27
 24
 76
 15
 80
 11
 93
 56
 45
 48
 17
 62
 81
 53
 92
 40
 28
 35
 63
 64
 66
 16
 98
  3
 44
 86
 18
 30
 90
 95
 34
 57
 87
  5
 49
 65
 26
 51
 10
 74
 85
 20
  6
 96
  9
  2
 31
 91
  1
 41
 71
 72
100
 99
 84
  8
 60
 33
 75
 38
 58
 47
 54
 19
 79
 68
 82
 50
 36
 97
 21
 77
 78
 32
 94
 59
 42
 57
 87
  5
 49
 65
 26
 51
 10
 74
 85
 20
  6
 96
  9
  2
 31
 91
  1
 41
 71
 72
100
 99
 84
  8
 60
 33
 75
 38
 58
 47
 54 532
 518
 619
 486
  46
 207
 600
 500
 472
 888
 412
 739
 844
 158
 200
 481
 12
 33
 57
 53
 63
 84
 47
 49
 29
  5
 11
 12
 33
 57
 53
 63
 84
 47
 49
 29
  5
 11
 18
100
 36
 90
 92
 58
 83
 19
 98
 26
 94
 16
 30
 93
 54
 51
 65
 99
 48
 52
 38
 88
 17
 66
 28
 46
 97
 34
 20
 21
 59
  9
 23
  2
 79
 14
 24
 37
 85
 10
 81
 86
 82
 55
 41
 76
  1
 87
 95
 43
 62
  3
 13
 71
  8
 73
 25
 39
 72
 91
  7
 67
 70
 78
 60
 89
 40
 56
 35
 68
 22
  6
 15
 77
 69
 83
  4
 61
 22
 12
 52
 55
 13
 29
 88
 39
 69
 89
 37
 25
 43
 46
 73
 70
  7
 23
 67
 14
 27
 24
 76
 15
 80
 11
 93
 56
 45
 48
 17
 62
 81
 53
 92
 40
 28
 35
 63
 64
 66
 16
 98
  3
 44
 86
 18
 30
 90
 95
 34
 57
 87
  5
 49
 65
 26
 51
 10
 74
 85
 20
  6
 96
  9
  2
 31
 91
  1
 41
 71
 72
100
 99
 84
  8
 60
 33
 75
 38
 58
 47
 54
 19
 79
 68
 82
 50
 36
 97
 21
 77
 78
 32
 94
 59
 42
 57
 87
  5
 49
 65
 26
 51
 10
 74
 85
 20
  6
 96
  9
  2
 31
 91
  1
 41
 71
 72
100
 99
 84
  8
 60
 33
 75
 38
 58
 47
 54
 19
 79
 68
 82
 50
 36
 97
 21
 77
 78
 32
 94
 59
 42
 57
 87
  5
 49
 65
 26
 51
 10
 74 36
 97
 21
 77
 78
 32
 94
 59
 42
 57
 87
  5
 49
 65
 26
 51
 10
 74
 85
 20
  6
 96
  9
  2
 31
 91
  1
 41
 71
 72
100
 99
 84
  8
 60
 33
 75
 38
 641
 773
 991
  53
 614
 423
 355
 395
  73
 796
 388
 320
 303
 374
 473
 245
 588
 260
 979
 155
 285
 906
 584
 319
  773
 991
  53
 614
 423
 355
 395
  73
 796
 388
 320
 303
 374
 473
 245
 588
 260
 979
 155
 285
 906
 584
 319
 582
 177
 241
 870
 570
 816
 161
 550
 273
 777
 291
 407
 681
 368
 305
 582
 177
 241
 870
 570
 816
 161
 550
 273
 777
 291
 407
 681
 368
 305
 505
  76
 210
 314
 545
  38
 718
  35
 460
 813
 998
 445
 496
 499
 471
 190
 949
  39
 239
 250
 907
 765
 894
 598
 704
 544
 913
 585
 755
 431
 403
 837
 474
 488
 493
 268
 859
 691
 972
 211
 242
 746
   6
 385
 698
 901
 936
 666
 587
 744
 537
 191
 224
 351
 370
 413
 522
 347
 884
 877
 105
 968
 140
 188
 868
 731
 579
 454
 282
 629
 938
 171
 557
  45
  79
 623
 215
 251
 995
 669
 709
 910
 221
 916
 764
 196
 325
 172
 152
 324
 568
 973
   5
 362
 996
 927
 752
 259
 620
 390
 380
 208
 174
 553
 678
 567
 663
 246
 113
 337
 547
   3
 402
 742
 433
 961
 602
 532
 518
 619
 486
  46
 207
 600
 500
 472
 888
 412
 739
 844
 158
 200
 481
 742
 433 518
 619
 486
  46
 207
 600
 500
 472
 888
 412
 739
 844
 158
 200
 481
 742
 433
 961
 602
 532
 518
 619
 486
  46
 207
 600
 500
 472
 888
 412
 739
 844
 158
 200
 481
 12
 33
 57
 53
 63
 84
 47
 49
 29
  5
 11
 12
 33
 57
 53
 63
 84
 47
 49
 29
  5
 11
 18
100
 36
 90
 92
 58
 83
 19
 98
 26
 94
 16
 30
 93
 54
 51
 65
 99
 48
 52
 38
 88
 17
 66
 28
 46
 97
 34
 20
 21
 59
  9
 23
  2
 79
 14
 24
 37
 85
 10
 81
 86
 82
 55
 41
 76
  1
 87
 95
 43
 62
  3
 13
 71
  8
 73
 25
 39
 72
 91
  7
 67
 70
 78
 60
 89
 40
 56
 35
 68
 22
  6
 15
 77
 69
 83
  4
 61
 22
 12
 52
 55
 13
 29
 88
 39
 69
 89
 37
 25
 43
 46
 73
 70
  7
 23
 67
 14
 27
 24
 76
 15
 80
 11
 93
 56
 45
 48
 17
 62
 81
 53
 92
 40
 28
 35
 63
 64
 66
 16
 98
  3
 44
 86
 18
 30
 90
 95
 34
 57
 87
  5
 49
 65
 26
 51
 10
 74
 85
 20
  6
 96
  9
  2
 31
 91
  1
 41
 71
 72
100
 99
 84
  8
 60
 33
 75
 38
 58
 47
 54
 19
 79
 68
 82
 50
 36
 97
 21
 77
 78
 32
 94
 59
 42
 57
 87
  5
 49
 65
 26
 51
 10
 74
 85
 20
  6
 96
  9
  2
 31
 91
  1
 41
 71
 72
100
 99
 84
  8
 60
 33
 75
 38
 58
 47
 54
 19
 79
 68
 82
 50
 36
 97
 21
 77
 78
 32
 94
 59
 42
 57
 87
  5
 49
 65
 26
 51
 10
 74
 85
 20
  6
 96
  9
  2
 31
 91
  1
 41
 71
 72
100
 99
 84
  8
 60
 33
 75
 38
 58
 47
 54
 19 518
 619
 486
  46
 207
 600
 500
 472
 888
 412
 739
 844
 158
 200
 481
 742
 433
 961
 602
 532
 518
 619
 486
  46
 207
 600
 500
 472
 888
 412
 739
 844
 158
 200
 481
 12
 33
 57
 53
 63
 84
 47
 49
 29
  5
 11
 12
 33
 57
 53
 63
 84
 47
 49
 29
  5
 11
 18
100
 36
 90
 92
 58
 83
 19
 98
 26
 94
 16
 30
 93
 54
 51
 65
 99
 48
 52
 38
 88
 17
 66
 28
 46
 97
 34
 20
 21
 59
  9
 23
  2
 79
 14
 24
 37
 85
 10
 81
 86
 82
 55
 41
 76
  1
 87
 95
 43
 62
  3
 13
 71
  8
 73
 25
 39
 72
 91
  7
 67
 70
 78
 60
 89
 40
 56
 35
 68
 22
  6
 15
 77
 69
 83
  4
 61
 22
 12
 52
 55
 13
 29
 88
 39
 69
 89
 37
 25
 43
 46
 73
 70
  7
 23
 67
 14
 27
 24
 76
 15
 80
 11
 93
 56
 45
 48
 17
 62
 81
 53
 92
 40
 28
 35
 63
 64
 66
 16
 98
  3
 44
 86
 18
 30
 90
 95
 34
 57
 87
  5
 49
 65
 26
 51
 10
 74
 85
 20
  6
 96
  9
  2
 31
 91
  1
 41
 71
 72
100
 99
 84
  8
 60
 33
 75
 38
 58
 47
 54
 19
 79
 68
 82
 50
 36
 97
 21
 77
 78
 32
 94
 59
 42
 57
 87
  5
 49
 65
 26
 51
 10
 74
 85
 20
  6
 96
  9
  2
 31
 91
  1
 41
 71
 72
100
 99
 84
  8
 60
 33
 75
 38
 58
 47
 54
 19
 79
 68
 82
 50
 36
 97
 21
 77
 78
 32
 94
 59
 42
 57
 87
  5
 49
 65
 26
 51
 10
 74 36
 97
 21
 77
 78
 32
 94
 59
 42
 57
 87
  5
 49
 65
 26
 51
 10
 74
 85
 20
  6
 96
  9
  2
 31
 91
  1
 41
 71
 72
100
 99
 84
  8
 60
 33
 75
 38
 58
 47
 54
 19 518
 619
 486
  46
 207
 600
 500
 472
 888
 412
 739
 844
 158
 200
 481
 742
 433
 961
 602
 532
 518
 619
 486
  46
 207
 600
 500
 472
 888
 412
 739
 844
 158
 200
 481
 12
 33
 57
 53
 63
 84
 47
 49
 29
  5
 11
 12
 33
 57
 53
 63
 84
 47
 49
 29
  5
 11
 18
100
 36
 90
 92
 58
 83
 19
 98
 26
 94
 16
 30
 93
 54
 51
 65
 99
 48
 52
 38
 88
 17
 66
 28
 46
 97
 34
 20
 21
 59
  9
 23
  2
 79
 14
 24
 37
 85
 10
 81
 86
 82
 55
 41
 76
  1
 87
 95
 43
 62
  3
 13
 71
  8
 73
 25
 39
 72
 91
  7
 67
 70
 78
 60
 89
 40
 56
 35
 68
 22
  6
 15
 77
 69
 83
  4
 61
 22
 12
 52
 55
 13
 29
 88
 39
 69
 89
 37
 25
 43
 46
 73
 70
  7
 23
 67
 14
 27
 24
 76
 15
 80
 11
 93
 56
 45
 48
 17
 62
 81
 53
 92
 40
 28
 35
 63
 64
 66
 16
 98
  3
 44
 86
 18
 30
 90
 95
 34
 57
 87
  5
 49
 65
 26
 51
 10
 74
 85
 20
  6
 96
  9
  2
 31
 91
  1
 41
 71
 72
100
 99
 84
  8
 60
 33
 75
 38
 58
 47
 54
 19
 79
 68
 82
 50
 36
 97
 21
 77
 78
 32
 94
 59
 42
 57
 87
  5
 49
 65
 26
 51
 10
 74
 85
 20
  6
 96
  9
  2
 31
 91
  1
 41
 71
 72
100
 99
 84
  8
 60
 33
 75
 38
 58
 47
 54 532
 518
 619
 486
  46
 207
 600
 500
 472
 888
 412
 739
 844
 158
 200
 481
 12
 33
 57
 53
 63
 84
 47
 49
 29
  5
 11
 12
 33
 57
 53
 63
 84
 47
 49
 29
  5
 11
 18
100
 36
 90
 92
 58
 83
 19
 98
 26
 94
 16
 30
 93
 54
 51
 65
 99
 48
 52
 38
 88
 17
 66
 28
 46
 97
 34
 20
 21
 59
  9
 23
  2
 79
 14
 24
 37
 85
 10
 81
 86
 82
 55
 41
 76
  1
 87
 95
 43
 62
  3
 13
 71
  8
 73
 25
 39
 72
 91
  7
 67
 70
 78
 60
 89
 40
 56
 35
 68
 22
  6
 15
 77
 69
 83
  4
 61
 22
 12
 52
 55
 13
 29
 88
 39
 69
 89
 37
 25
 43
 46
 73
 70
  7
 23
 67
 14
 27
 24
 76
 15
 80
 11
 93
 56
 45
 48
 17
 62
 81
 53
 92
 40
 28
 35
 63
 64
 66
 16
 98
  3
 44
 86
 18
 30
 90
 95
 34
 57
 87
  5
 49
 65
 26
 51
 10
 74
 85
 20
  6
 96
  9
  2
 31
 91
  1
 41
 71
 72
100
 99
 84
  8
 60
 33
 75
 38
 58
 47
 54
 19
 79
 68
 82
 50
 36
 97
 21
 77
 78
 32
 94
 59
 42
 57
 87
  5
 49
 65
 26
 51
 10
 74
 85
 20
  6
 96
  9
  2
 31
 91
  1
 41
 71
 72
100
 99
 84
  8
 60
 33
 75
 38
 58
 47
 54
 19
 79
 68
 82
 50
 36
 97
 21
 77
 78
 32
 94
 59
 42
 57
 87
  5
 49
 65
 26
 51
 10
 74 36
 97
 21
 77
 78
 32
 94
 59
 42
 57
 87
  5
 49
 65
 26
 51
 10
 74
 85
 20
  6
 96
  9
  2
 31
 91
  1
 41
 71
 72
100
 99
 84
  8
 60
 33
 75
 38
 58
 47
 54
 19 518
 619
 486
  46
 207
 600
 500
 472
 888
 412
 739
 844
 158
 200
 481
 742
 433
 961
 602
 532
 518
 619
 486
  46
 207
 600
 500
 472
 888
 412
 739
 844
 158
 200
 481
 12
 33
 57
 53
 63
 84
 47
 49
 29
  5
 11
 12
 33
 57
 53
 63
 84
 47
 49
 29
  5
 11
 18
100
 36
 90
 92
 58
 83
 19
 98
 26
 94
 16
 30
 93
 54
 51
 65
 99
 48
 52
 38
 88
 17
 66
 28
 46
 97
 34
 20
 21
 59
  9
 23
  2
 79
 14
 24
 37
 85
 10
 81
 86
 82
 55
 41
 76
  1
 87
 95
 43
 62
  3
 13
 71
  8
 73
 25
 39
 72
 91
  7
 67
 70
 78
 60
 89
 40
 56
 35
 68
 22
  6
 15
 77
 69
 83
  4
 61
 22
 12
 52
 55
 13
 29
 88
 39
 69
 89
 37
 25
 43
 46
 73
 70
  7
 23
 67
 14
 27
 24
 76
 15
 80
 11
 93
 56
 45
 48
 17
 62
 81
 53
 92
 40
 28
 35
 63
 64
 66
 16
 98
  3
 44
 86
 18
 30
 90
 95
 34
 57
 87
  5
 49
 65
 26
 51
 10
 74
 85
 20
  6
 96
  9
  2
 31
 91
  1
 41
 71
 72
100
 99
 84
  8
 60
 33
 75
 38
 58
 47
 54
 19
 79
 68
 82
 50
 36
 97
 21
 77
 78
 32
 94
 59
 42
 57
 87
  5
 49
 65
 26
 51
 10
 74
 85
 20
  6
 96
  9
  2
 31
 91
  1
 41
 71
 72
100
 99
 84
  8
 60
 33
 75
 38
 58
 47
 54 532
 518
 619
 486
  46
 207
 600
 500
 472
 888
 412
 739
 844
 158
 200
 481
 12
 33
 57
 53
 63
 84
 47
 49
 29
  5
 11
 12
 33
 57
 53
 63
 84
 47
 49
 29
  5
 11
 18
100
 36
 90
 92
 58
 83
 19
 98
 26
 94
 16
 30
 93
 54
 51
 65
 99
 48
 52
 38
 88
 17
 66
 28
 46
 97
 34
 20
 21
 59
  9
 23
  2
 79
 14
 24
 37
 85
 10
 81
 86
 82
 55
 41
 76
  1
 87
 95
 43
 62
  3
 13
 71
  8
 73
 25
 39
 72
 91
  7
 67
 70
 78
 60
 89
 40
 56
 35
 68
 22
  6
 15
 77
 69
 83
  4
 61
 22
 12
 52
 55
 13
 29
 88
 39
 69
 89
 37
 25
 43
 46
 73
 70
  7
 23
 67
 14
 27
 24
 76
 15
 80
 11
 93
 56
 45
 48
 17
 62
 81
 53
 92
 40
 28
 35
 63
 64
 66
 16
 98
  3
 44
 86
 18
 30
 90
 95
 34
 57
 87
  5
 49
 65
 26
 51
 10
 74
 85
 20
  6
 96
  9
  2
 31
 91
  1
 41
 71
 72
100
 99
 84
  8
 60
 33
 75
 38
 58
 47
 54
 19
 79
 68
 82
 50
 36
 97
 21
 77
 78
 32
 94
 59
 42
 57
 87
  5
 49
 65
 26
 51
 10
 74
 85
 20
  6
 96
  9
  2
 31
 91
  1
 41
 71
 72
100
 99
 84
  8
 60
 33
 75
 38
 58
 47
 54
 19
 79
 68
 82
 50
 36
 97
 21
 77
 78
 32
 94
 59
 42
 57
 87
  5
 49
 65
 26
 51
 10
 74 36
 97
 21
 77
 78
 32
 94
 59
 42
 57
 87
  5
 49
 65
 26
 51
 10
 74
 85
 20
  6
 96
  9
  2
 31
 91
  1
 41
 71
 72
100
 99
 84
  8
 60
 33
 75
 38
 641
 773
 991
  53
 614
 423
 355
 395
  73
 796
 388
 320
 303
 374
 473
 245
 588
 260
 979
 155
 285
 906
 584
 319
  773
 991
  53
 614
 423
 355
 395
  73
 796
 388
 320
 303
 374
 473
 245
 588
 260
 979
 155
 285
 906
 584
 319
 582
 177
 241
 870
 570
 816
 161
 550
 273
 777
 291
 407
 681
 368
 305
 582
 177
 241
 870
 570
 816
 161
 550
 273
 777
 291
 407
 681
 368
 305
 505
  76
 210
 314
 545
  38
 718
  35
 460
 813
 998
 445
 496
 499
 471
 190
 949
  39
 239
 250
 907
 765
 894
 598
 704
 544
 913
 585
 755
 431
 403
 837
 474
 488
 493
 268
 859
 691
 972
 211
 242
 746
   6
 385
 698
 901
 936
 666
 587
 744
 537
 191
 224
 351
 370
 413
 522
 347
 884
 877
 105
 968
 140
 188
 868
 731
 579
 454
 282
 629
 938
 171
 557
  45
  79
 623
 215
 251
 995
 669
 709
 910
 221
 916
 764
 196
 325
 172
 152
 324
 568
 973
   5
 362
 996
 927
 752
 259
 620
 390
 380
 208
 174
 553
 678
 567
 663
 246
 113
 337
 547
   3
 402
 742
 433
 961
 602
 532
 518
 619
 486
  46
 207
 600
 500
 472
 888
 412
 739
 844
 158
 200
 481
 742
 433 518
 619
 486
  46
 207
 600
 500
 472
 888
 412
 739
 844
 158
 200
 481
 742
 433
 961
 602
 532
 518
 619
 486
  46
 207
 600
 500
 472
 888
 412
 739
 844
 158
 200
 481
 12
 33
 57
 53
 63
 84
 47
 49
 29
  5
 11
 12
 33
 57
 53
 63
 84
 47
 49
 29
  5
 11
 18
100
 36
 90
 92
 58
 83
 19
 98
 26
 94
 16
 30
 93
 54
 51
 65
 99
 48
 52
 38
 88
 17
 66
 28
 46
 97
 34
 20
 21
 59
  9
 23
  2
 79
 14
 24
 37
 85
 10
 81
 86
 82
 55
 41
 76
  1
 87
 95
 43
 62
  3
 13
 71
  8
 73
 25
 39
 72
 91
  7
 67
 70
 78
 60
 89
 40
 56
 35
 68
 22
  6
 15
 77
 69
 83
  4
 61
 22
 12
 52
 55
 13
 29
 88
 39
 69
 89
 37
 25
 43
 46
 73
 70
  7
 23
 67
 14
 27
 24
 76
 15
 80
 11
 93
 56
 45
 48
 17
 62
 81
 53
 92
 40
 28
 35
 63
 64
 66
 16
 98
  3
 44
 86
 18
 30
 90
 95
 34
 57
 87
  5
 49
 65
 26
 51
 10
 74
 85
 20
  6
 96
  9
  2
 31
 91
  1
 41
 71
 72
100
 99
 84
  8
 60
 33
 75
 38
 58
 47
 54
 19
 79
 68
 82
 50
 36
 97
 21
 77
 78
 32
 94
 59
 42
 57
 87
  5
 49
 65
 26
 51
 10
 74
 85
 20
  6
 96
  9
  2
 31
 91
  1
 41
 71
 72
100
 99
 84
  8
 60
 33
 75
 38
 58
 47
 54
 19
 79
 68
 82
 50
 36
 97
 21
 77
 78
 32
 94
 59
 42
 57
 87
  5
 49
 65
 26
 51
 10
 74
 85
 20
  6
 96
  9
  2
 31
 91
  1
 41
 71
 72
100
 99
 84
  8
 60
 33
 75
 38
 58
 47
 54
 19 518
 619
 486
  46
 207
 600
 500
 472
 888
 412
 739
 844
 158
 200
 481
 742
 433
 961
 602
 532
 518
 619
 486
  46
 207
 600
 500
 472
 888
 412
 739
 844
 158
 200
 481
 12
 33
 57
 53
 63
 84
 47
 49
 29
  5
 11
 12
 33
 57
 53
 63
 84
 47
 49
 29
  5
 11
 18
100
 36
 90
 92
 58
 83
 19
 98
 26
 94
 16
 30
 93
 54
 51
 65
 99
 48
 52
 38
 88
 17
 66
 28
 46
 97
 34
 20
 21
 59
  9
 23
  2
 79
 14
 24
 37
 85
 10
 81
 86
 82
 55
 41
 76
  1
 87
 95
 43
 62
  3
 13
 71
  8
 73
 25
 39
 72
 91
  7
 67
 70
 78
 60
 89
 40
 56
 35
 68
 22
  6
 15
 77
 69
 83
  4
 61
 22
 12
 52
 55
 13
 29
 88
 39
 69
 89
 37
 25
 43
 46
 73
 70
  7
 23
 67
 14
 27
 24
 76
 15
 80
 11
 93
 56
 45
 48
 17
 62
 81
 53
 92
 40
 28
 35
 63
 64
 66
 16
 98
  3
 44
 86
 18
 30
 90
 95
 34
 57
 87
  5
 49
 65
 26
 51
 10
 74
 85
 20
  6
 96
  9
  2
 31
 91
  1
 41
 71
 72
100
 99
 84
  8
 60
 33
 75
 38
 58
 47
 54
 19
 79
 68
 82
 50
 36
 97
 21
 77
 78
 32
 94
 59
 42
 57
 87
  5
 49
 65
 26
 51
 10
 74
 85
 20
  6
 96
  9
  2
 31
 91
  1
 41
 71
 72
100
 99
 84
  8
 60
 33
 75
 38
 58
 47
 54
 19
 79
 68
 82
 50
 36
 97
 21
 77
 78
 32
 94
 59
 42
 57
 87
  5
 49
 65
 26
 51
 10
 74 36
 97
 21
 77
 78
 32
 94
 59
 42
 57
 87
  5
 49
 65
 26
 51
 10
 74
 85
 20
  6
 96
  9
  2
 31
 91
  1
 41
 71
 72
100
 99
 84
  8
 60
 33
 75
 38
 58
 47
 54
 19 518
 619
 486
  46
 207
 600
 500
 472
 888
 412
 739
 844
 158
 200
 481
 742
 433
 961
 602
 532
 518
 619
 486
  46
 207
 600
 500
 472
 888
 412
 739
 844
 158
 200
 481
 12
 33
 57
 53
 63
 84
 47
 49
 29
  5
 11
 12
 33
 57
 53
 63
 84
 47
 49
 29
  5
 11
 18
100
 36
 90
 92
 58
 83
 19
 98
 26
 94
 16
 30
 93
 54
 51
 65
 99
 48
 52
 38
 88
 17
 66
 28
 46
 97
 34
 20
 21
 59
  9
 23
  2
 79
 14
 24
 37
 85
 10
 81
 86
 82
 55
 41
 76
  1
 87
 95
 43
 62
  3
 13
 71
  8
 73
 25
 39
 72
 91
  7
 67
 70
 78
 60
 89
 40
 56
 35
 68
 22
  6
 15
 77
 69
 83
  4
 61
 22
 12
 52
 55
 13
 29
 88
 39
 69
 89
 37
 25
 43
 46
 73
 70
  7
 23
 67
 14
 27
 24
 76
 15
 80
 11
 93
 56
 45
 48
 17
 62
 81
 53
 92
 40
 28
 35
 63
 64
 66
 16
 98
  3
 44
 86
 18
 30
 90
 95
 34
 57
 87
  5
 49
 65
 26
 51
 10
 74
 85
 20
  6
 96
  9
  2
 31
 91
  1
 41
 71
 72
100
 99
 84
  8
 60
 33
 75
 38
 58
 47
 54
 19
 79
 68
 82
 50
 36
 97
 21
 77
 78
 32
 94
 59
 42
 57
 87
  5
 49
 65
 26
 51
 10
 74
 85
 20
  6
 96
  9
  2
 31
 91
  1
 41
 71
 72
100
 99
 84
  8
 60
 33
 75
 38
 58
 47
 54 532
 518
 619
 486
  46
 207
 600
 500
 472
 888
 412
 739
 844
 158
 200
 481
 12
 33
 57
 53
 63
 84
 47
 49
 29
  5
 11
 12
 33
 57
 53
 63
 84
 47
 49
 29
  5
 11
 18
100
 36
 90
 92
 58
 83
 19
 98
 26
 94
 16
 30
 93
 54
 51
 65
 99
 48
 52
 38
 88
 17
 66
 28
 46
 97
 34
 20
 21
 59
  9
 23
  2
 79
 14
 24
 37
 85
 10
 81
 86
 82
 55
 41
 76
  1
 87
 95
 43
 62
  3
 13
 71
  8
 73
 25
 39
 72
 91
  7
 67
 70
 78
 60
 89
 40
 56
 35
 68
 22
  6
 15
 77
 69
 83
  4
 61
 22
 12
 52
 55
 13
 29
 88
 39
 69
 89
 37
 25
 43
 46
 73
 70
  7
 23
 67
 14
 27
 24
 76
 15
 80
 11
 93
 56
 45
 48
 17
 62
 81
 53
 92
 40
 28
 35
 63
 64
 66
 16
 98
  3
 44
 86
 18
 30
 90
 95
 34
 57
 87
  5
 49
 65
 26
 51
 10
 74
 85
 20
  6
 96
  9
  2
 31
 91
  1
 41
 71
 72
100
 99
 84
  8
 60
 33
 75
 38
 58
 47
 54
 19
 79
 68
 82
 50
 36
 97
 21
 77
 78
 32
 94
 59
 42
 57
 87
  5
 49
 65
 26
 51
 10
 74
 85
 20
  6
 96
  9
  2
 31
 91
  1
 41
 71
 72
100
 99
 84
  8
 60
 33
 75
 38
 58
 47
 54
 19
 79
 68
 82
 50
 36
 97
 21
 77
 78
 32
 94
 59
 42
 57
 87
  5
 49
 65
 26
 51
 10
 74 36
 97
 21
 77
 78
 32
 94
 59
 42
 57
 87
  5
 49
 65
 26
 51
 10
 74
 85
 20
  6
 96
  9
  2
 31
 91
  1
 41
 71
 72
100
 99
 84
  8
 60
 33
 75
 38
 58
 47
 54
 19 518
 619
 486
  46
 207
 600
 500
 472
 888
 412
 739
 844
 158
 200
 481
 742
 433
 961
 602
 532
 518
 619
 486
  46
 207
 600
 500
 472
 888
 412
 739
 844
 158
 200
 481
 12
 33
 57
 53
 63
 84
 47
 49
 29
  5
 11
 12
 33
 57
 53
 63
 84
 47
 49
 29
  5
 11
 18
100
 36
 90
 92
 58
 83
 19
 98
 26
 94
 16
 30
 93
 54
 51
 65
 99
 48
 52
 38
 88
 17
 66
 28
 46
 97
 34
 20
 21
 59
  9
 23
  2
 79
 14
 24
 37
 85
 10
 81
 86
 82
 55
 41
 76
  1
 87
 95
 43
 62
  3
 13
 71
  8
 73
 25
 39
 72
 91
  7
 67
 70
 78
 60
 89
 40
 56
 35
 68
 22
  6
 15
 77
 69
 83
  4
 61
 22
 12
 52
 55
 13
 29
 88
 39
 69
 89
 37
 25
 43
 46
 73
 70
  7
 23
 67
 14
 27
 24
 76
 15
 80
 11
 93
 56
 45
 48
 17
 62
 81
 53
 92
 40
 28
 35
 63
 64
 66
 16
 98
  3
 44
 86
 18
 30
 90
 95
 34
 57
 87
  5
 49
 65
 26
 51
 10
 74
 85
 20
  6
 96
  9
  2
 31
 91
  1
 41
 71
 72
100
 99
 84
  8
 60
 33
 75
 38
 58
 47
 54
 19
 79
 68
 82
 50
 36
 97
 21
 77
 78
 32
 94
 59
 42
 57
 87
  5
 49
 65
 26
 51
 10
 74
 85
 20
  6
 96
  9
  2
 31
 91
  1
 41
 71
 72
100
 99
 84
  8
 60
 33
 75
 38
 58
 47
 54 532
 518
 619
 486
  46
 207
 600
 500
 472
 888
 412
 739
 844
 158
 200
 481
 12
 33
 57
 53
 63
 84
 47
 49
 29
  5
 11
 12
 33
 57
 53
 63
 84
 47
 49
 29
  5
 11
 18
100
 36
 90
 92
 58
 83
 19
 98
 26
 94
 16
 30
 93
 54
 51
 65
 99
 48
 52
 38
 88
 17
 66
 28
 46
 97
 34
 20
 21
 59
  9
 23
  2
 79
 14
 24
 37
 85
 10
 81
 86
 82
 55
 41
 76
  1
 87
 95
 43
 62
  3
 13
 71
  8
 73
 25
 39
 72
 91
  7
 67
 70
 78
 60
 89
 40
 56
 35
 68
 22
  6
 15
 77
 69
 83
  4
 61
 22
 12
 52
 55
 13
 29
 88
 39
 69
 89
 37
 25
 43
 46
 73
 70
  7
 23
 67
 14
 27
 24
 76
 15
 80
 11
 93
 56
 45
 48
 17
 62
 81
 53
 92
 40
 28
 35
 63
 64
 66
 16
 98
  3
 44
 86
 18
 30
 90
 95
 34
 57
 87
  5
 49
 65
 26
 51
 10
 74
 85
 20
  6
 96
  9
  2
 31
 91
  1
 41
 71
 72
100
 99
 84
  8
 60
 33
 75
 38
 58
 47
 54
 19
 79
 68
 82
 50
 36
 97
 21
 77
 78
 32
 94
 59
 42
 57
 87
  5
 49
 65
 26
 51
 10
 74
 85
 20
  6
 96
  9
  2
 31
 91
  1
 41
 71
 72
100
 99
 84
  8
 60
 33
 75
 38
 58
 47
 54
 19
 79
 68
 82
 50
 36
 97
 21
 77
 78
 32
 94
 59
 42
 57
 87
  5
 49
 65
 26
 51
 10
 74 36
 97
 21
 77
 78
 32
 94
 59
 42
 57
 87
  5
 49
 65
 26
 51
 10
 74
 85
 20
  6
 96
  9
  2
 31
 91
  1
 41
 71
 72
100
 99
 84
  8
 60
 33
 75
 38
 58
 47
 54
 19 518
 619
 486
  46
 207
 600
 500
 472
 888
 412
 739
 844
 158
 200
 481
 742
 433
 961
 602
 532
 518
 619
 486
  46
 207
 600
 500
 472
 888
 412
 739
 844
 158
 200
 481
 12
 33
 57
 53
 63
 84
 47
 49
 29
  5
 11
 12
 33
 57
 53
 63
 84
 47
 49
 29
  5
 11
 18
100
 36
 90
 92
 58
 83
 19
 98
 26
 94
 16
 30
 93
 54
 51
 65
 99
 48
 52
 38
 88
 17
 66
 28
 46
 97
 34
 20
 21
 59
  9
 23
  2
 79
 14
 24
 37
 85
 10
 81
 86
 82
 55
 41
 76
  1
 87
 95
 43
 62
  3
 13
 71
  8
 73
 25
 39
 72
 91
  7
 67
 70
 78
 60
 89
 40
 56
 35
 68
 22
  6
 15
 77
 69
 83
  4
 61
 22
 12
 52
 55
 13
 29
 88
 39
 69
 89
 37
 25
 43
 46
 73
 70
  7
 23
 67
 14
 27
 24
 76
 15
 80
 11
 93
 56
 45
 48
 17
 62
 81
 53
 92
 40
 28
 35
 63
 64
 66
 16
 98
  3
 44
 86
 18
 30
 90
 95
 34
 57
 87
  5
 49
 65
 26
 51
 10
 74
 85
 20
  6
 96
  9
  2
 31
 91
  1
 41
 71
 72
100
 99
 84
  8
 60
 33
 75
 38
 58
 47
 54
 19
 79
 68
 82
 50
 36
 97
 21
 77
 78
 32
 94
 59
 42
 57
 87
  5
 49
 65
 26
 51
 10
 74
 85
 20
  6
 96
  9
  2
 31
 91
  1
 41
 71
 72
100
 99
 84
  8
 60
 33
 75
 38
 58
 47
 54
 19
 79
 68
 82
 50
 36
 97
 21
 77
 78
 32
 94
 59
 42
 57
 87
  5
 49
 65
 26
 51
 10
 74
 85
 20
  6
 96
  9
  2
 31
 91
  1
 41
 85
 20
  6
 96
  9
  2
 31
 91
  1
 41
 71
 72
100
 99
 84
  8
 60
 33
 75
 38
 58
 47
 54
 19 518
 619
 486
  46
 207
 600
 500
 472
 888
 412
 739
 844
 158
 200
 481
 742
 433
 961
 602
 532
 518
 619
 486
  46
 207
 600
 500
 472
 888
 412
 739
 844
 158
 200
 481
 12
 33
 57
 53
 63
 84
 47
 49
 29
  5
 11
 12
 33
 57
 53
 63
 84
 47
 49
 29
  5
 11
 18
100
 36
 90
 92
 58
 83
 19
 98
 26
 94
 16
 30
 93
 54
 51
 65
 99
 48
 52
 38
 88
 17
 66
 28
 46
 97
 34
 20
 21
 59
  9
 23
  2
 79
 14
 24
 37
 85
 10
 81
 86
 82
 55
 41
 76
  1
 87
 95
 43
 62
  3
 13
 71
  8
 73
 25
 39
 72
 91
  7
 67
 70
 78
 60
 89
 40
 56
 35
 68
 22
  6
 15
 77
 69
 83
  4
 61
 22
 12
 52
 55
 13
 29
 88
 39
 69
 89
 37
 25
 43
 46
 73
 70
  7
 23
 67
 14
 27
 24
 76
 15
 80
 11
 93
 56
 45
 48
 17
 62
 81
 53
 92
 40
 28
 35
 63
 64
 66
 16
 98
  3
 44
 86
 18
 30
 90
 95
 34
 57
 87
  5
 49
 65
 26
 51
 10
 74
 85
 20
  6
 96
  9
  2
 31
 91
  1
 41
 71
 72
100
 99
 84
  8
 60
 33
 75
 38
 58
 47
 54
 19
 79
 68
 82
 50
 36
 97
 21
 77
 78
 32
 94
 59
 42
 57
 87
  5
 49
 65
 26
 51
 10
 74
 85
 20
  6
 96
  9
  2
 31
 91
  1
 41
 71
 72
100
 99
 84
  8
 60
 33
 75
 38
 58
 47
 54
 19
 79
 68
 82
 50
 36
 97
 21
 77
 78
 32
 94
 59
 42
 57
 87
  5
 49
 65
 26
 51
 10
 74
 85
 20
  6
 96
  9
  2
 31
 91
  1
 41
 71
 72
100
 99
 84
  8
 60
 33
 75
 38
 58
 47
 54
 19
 961
 602
 532
 518
 619
 486
  46
 207
 600
 500
 472
 888
 412
 739
 844
 158
 200
 481
 12
 33
 57
 53
 63
 84
 47
 49
 29
  5
 11
 12
 33
 57
 53
 63
 84
 47
 49
 29
  5
 11
 18
100
 36
 90
 92
 58
 83
 19
 98
 26
 94
 16
 30
 93
 54
 51
 65
 99
 48
 52
 38
 88
 17
 66
 28
 46
 97
 34
 20
 21
 59
  9
 23
  2
 79
 14
 24
 37
 85
 10
 81
 86
 82
 55
 41
 76
  1
 87
 95
 43
 62
  3
 13
 71
  8
 73
 25
 39
 72
 91
  7
 67
 70
 78
 60
 89
 40
 56
 35
 68
 22
  6
 15
 77
 69
 83
  4
 61
 22
 12
 52
 55
 13
 29
 88
 39
 69
 89
 37
 25
 43
 46
 73
 70
  7
 23
 67
 14
 27
 24
 76
 15
 80
 11
 93
 56
 45
 48
 17
 62
 81
 53
 92
 40
 28
 35
 63
 64
 66
 16
 98
  3
 44
 86
 18
 30
 90
 95
 34
 57
 87
  5
 49
 65
 26
 51
 10
 74
 85
 20
  6
 96
  9
  2
 31
 91
  1
 41
 71
 72
100
 99
 84
  8
 60
 33
 75
 38
 58
 47
 54
 19
 79
 68
 82
 50
 36
 97
 21
 77
 78
 32
 94
 59
 42
 57
 87
  5
 49
 65
 26
 51
 10
 74
 85
 20
  6
 96
  9
  2
 31
 91
  1
 41
 71
 72
100
 99
 84
  8
 60
 33
 75
 38
 58
 47
 54
 19
 79
 68
 82
 50
 36
 97
 21
 77
 78
 32
 94
 59
 42
 57
 87
  5
 49
 65
 26
 51
 10
 74
 85
 20
  6
 96
  9
  2
 31
 91
  1
 41
 71
 72
100
 99
 84
  8
 60
 33
 75
 38
 58
 47
 54
 19
 79
 68
 82
 50
 36
 97
 21
 77
 78
 32
 94
 59
 42

 96
  9
  2
 31
 91
  1
 41
 71
 72
100
 99
 84
  8
 60
 33
 75
 38
 58
 47
 54
 19 518
 619
 486
  46
 207
 600
 500
 472
 888
 412
 739
 844
 158
 200
 481
 742
 433
 961
 602
 532
 518
 619
 486
  46
 207
 600
 500
 472
 888
 412
 739
 844
 158
 200
 481
 12
 33
 57
 53
 63
 84
 47
 49
 29
  5
 11
 12
 33
 57
 53
 63
 84
 47
 49
 29
  5
 11
 18
100
 36
 90
 92
 58
 83
 19
 98
 26
 94
 16
 30
 93
 54
 51
 65
 99
 48
 52
 38
 88
 17
 66
 28
 46
 97
 34
 20
 21
 59
  9
 23
  2
 79
 14
 24
 37
 85
 10
 81
 86
 82
 55
 41
 76
  1
 87
 95
 43
 62
  3
 13
 71
  8
 73
 25
 39
 72
 91
  7
 67
 70
 78
 60
 89
 40
 56
 35
 68
 22
  6
 15
 77
 69
 83
  4
 61
 22
 12
 52
 55
 13
 29
 88
 39
 69
 89
 37
 25
 43
 46
 73
 70
  7
 23
 67
 14
 27
 24
 76
 15
 80
 11
 93
 56
 45
 48
 17
 62
 81
 53
 92
 40
 28
 35
 63
 64
 66
 16
 98
  3
 44
 86
 18
 30
 90
 95
 34
 57
 87
  5
 49
 65
 26
 51
 10
 74
 85
 20
  6
 96
  9
  2
 31
 91
  1
 41
 71
 72
100
 99
 84
  8
 60
 33
 75
 38
 58
 47
 54
 19
 79
 68
 82
 50
 36
 97
 21
 77
 78
 32
 94
 59
 42
 57
 87
  5
 49
 65
 26
 51
 10
 74
 85
 20
  6
 96
  9
  2
 31
 91
  1
 41
 71
 72
100
 99
 84
  8
 60
 33
 75
 38
 58
 47
 54
 19
 79
 68
 82
 50
 36
 97
 21
 77
 78
 32
 94
 59
 42
 57
 87
  5
 49
 65
 26
 51
 10
 74
 85
 20
  6
 96
  9
  2
 31
 91
  1
 41
 85
 20
  6
 96
  9
  2
 31
 91
  1
 41
 71
 72
100
 99
 84
  8
 60
 33
 75
 38
 58
 47
 54
 19 518
 619
 486
  46
 207
 600
 500
 472
 888
 412
 739
 844
 158
 200
 481
 742
 433
 961
 602
 532
 518
 619
 486
  46
 207
 600
 500
 472
 888
 412
 739
 844
 158
 200
 481
 12
 33
 57
 53
 63
 84
 47
 49
 29
  5
 11
 12
 33
 57
 53
 63
 84
 47
 49
 29
  5
 11
 18
100
 36
 90
 92
 58
 83
 19
 98
 26
 94
 16
 30
 93
 54
 51
 65
 99
 48
 52
 38
 88
 17
 66
 28
 46
 97
 34
 20
 21
 59
  9
 23
  2
 79
 14
 24
 37
 85
 10
 81
 86
 82
 55
 41
 76
  1
 87
 95
 43
 62
  3
 13
 71
  8
 73
 25
 39
 72
 91
  7
 67
 70
 78
 60
 89
 40
 56
 35
 68
 22
  6
 15
 77
 69
 83
  4
 61
 22
 12
 52
 55
 13
 29
 88
 39
 69
 89
 37
 25
 43
 46
 73
 70
  7
 23
 67
 14
 27
 24
 76
 15
 80
 11
 93
 56
 45
 48
 17
 62
 81
 53
 92
 40
 28
 35
 63
 64
 66
 16
 98
  3
 44
 86
 18
 30
 90
 95
 34
 57
 87
  5
 49
 65
 26
 51
 10
 74
 85
 20
  6
 96
  9
  2
 31
 91
  1
 41
 71
 72
100
 99
 84
  8
 60
 33
 75
 38
 58
 47
 54
 19
 79
 68
 82
 50
 36
 97
 21
 77
 78
 32
 94
 59
 42
 57
 87
  5
 49
 65
 26
 51
 10
 74
 85
 20
  6
 96
  9
  2
 31
 91
  1
 41
 71
 72
100
 99
 84
  8
 60
 33
 75
 38
 58
 47
 54
 19
 79
 68
 82
 50
 36
 97
 21
 77
 78
 32
 94
 59
 42
 57
 87
  5
 49
 65
 26
 51
 10
 74
 85
 20
  6
 96
  9
  2
 31
 91
  1
 41
 71
 72
100
 99
 84
  8
 60
 33
 75
 38
 58
 47
 54
 19
 961
 602
 532
 518
 619
 486
  46
 207
 600
 500
 472
 888
 412
 739
 844
 158
 200
 481
 12
 33
 57
 53
 63
 84
 47
 49
 29
  5
 11
 12
 33
 57
 53
 63
 84
 47
 49
 29
  5
 11
 18
100
 36
 90
 92
 58
 83
 19
 98
 26
 94
 16
 30
 93
 54
 51
 65
 99
 48
 52
 38
 88
 17
 66
 28
 46
 97
 34
 20
 21
 59
  9
 23
  2
 79
 14
 24
 37
 85
 10
 81
 86
 82
 55
 41
 76
  1
 87
 95
 43
 62
  3
 13
 71
  8
 73
 25
 39
 72
 91
  7
 67
 70
 78
 60
 89
 40
 56
 35
 68
 22
  6
 15
 77
 69
 83
  4
 61
 22
 12
 52
 55
 13
 29
 88
 39
 69
 89
 37
 25
 43
 46
 73
 70
  7
 23
 67
 14
 27
 24
 76
 15
 80
 11
 93
 56
 45
 48
 17
 62
 81
 53
 92
 40
 28
 35
 63
 64
 66
 16
 98
  3
 44
 86
 18
 30
 90
 95
 34
 57
 87
  5
 49
 65
 26
 51
 10
 74
 85
 20
  6
 96
  9
  2
 31
 91
  1
 41
 71
 72
100
 99
 84
  8
 60
 33
 75
 38
 58
 47
 54
 19
 79
 68
 82
 50
 36
 97
 21
 77
 78
 32
 94
 59
 42
 57
 87
  5
 49
 65
 26
 51
 10
 74
 85
 20
  6
 96
  9
  2
 31
 91
  1
 41
 71
 72
100
 99
 84
  8
 60
 33
 75
 38
 58
 47
 54
 19
 79
 68
 82
 50
 36
 97
 21
 77
 78
 32
 94
 59
 42
 57
 87
  5
 49
 65
 26
 51
 10
 74
 85
 20
  6
 96
  9
  2
 31
 91
  1
 41
 71
 72
100
 99
 84
  8
 60
 33
 75
 38
 58
 47
 54
 19
 79
 68
 82
 50
 36
 97
 21
 77
 78
 32
 94
 59
 42

 96
  9
  2
 31
 91
  1
 41
 71
 72
100
 99
 84
  8
 60
 33
 75
 38
 58
 47
 54
 19 518
 619
 486
  46
 207
 600
 500
 472
 888
 412
 739
 844
 158
 200
 481
 742
 433
 961
 602
 532
 518
 619
 486
  46
 207
 600
 500
 472
 888
 412
 739
 844
 158
 200
 481
 12
 33
 57
 53
 63
 84
 47
 49
 29
  5
 11
 12
 33
 57
 53
 63
 84
 47
 49
 29
  5
 11
 18
100
 36
 90
 92
 58
 83
 19
 98
 26
 94
 16
 30
 93
 54
 51
 65
 99
 48
 52
 38
 88
 17
 66
 28
 46
 97
 34
 20
 21
 59
  9
 23
  2
 79
 14
 24
 37
 85
 10
 81
 86
 82
 55
 41
 76
  1
 87
 95
 43
 62
  3
 13
 71
  8
 73
 25
 39
 72
 91
  7
 67
 70
 78
 60
 89
 40
 56
 35
 68
 22
  6
 15
 77
 69
 83
  4
 61
 22
 12
 52
 55
 13
 29
 88
 39
 69
 89
 37
 25
 43
 46
 73
 70
  7
 23
 67
 14
 27
 24
 76
 15
 80
 11
 93
 56
 45
 48
 17
 62
 81
 53
 92
 40
 28
 35
 63
 64
 66
 16
 98
  3
 44
 86
 18
 30
 90
 95
 34
 57
 87
  5
 49
 65
 26
 51
 10
 74
 85
 20
  6
 96
  9
  2
 31
 91
  1
 41
 71
 72
100
 99
 84
  8
 60
 33
 75
 38
 58
 47
 54
 19
 79
 68
 82
 50
 36
 97
 21
 77
 78
 32
 94
 59
 42
 57
 87
  5
 49
 65
 26
 51
 10
 74
 85
 20
  6
 96
  9
  2
 31
 91
  1
 41
 71
 72
100
 99
 84
  8
 60
 33
 75
 38
 58
 47
 54
 19
 79
 68
 82
 50
 36
 97
 21
 77
 78
 32
 94
 59
 42
 57
 87
  5
 49
 65
 26
 51
 10
 74
 85
 20
  6
 96
  9
  2
 31
 91
  1
 41
 85
 20
  6
 96
  9
  2
 31
 91
  1
 41
 71
 72
100
 99
 84
  8
 60
 33
 75
 38
 58
 47
 54
 19 518
 619
 486
  46
 207
 600
 500
 472
 888
 412
 739
 844
 158
 200
 481
 742
 433
 961
 602
 532
 518
 619
 486
  46
 207
 600
 500
 472
 888
 412
 739
 844
 158
 200
 481
 12
 33
 57
 53
 63
 84
 47
 49
 29
  5
 11
 12
 33
 57
 53
 63
 84
 47
 49
 29
  5
 11
 18
100
 36
 90
 92
 58
 83
 19
 98
 26
 94
 16
 30
 93
 54
 51
 65
 99
 48
 52
 38
 88
 17
 66
 28
 46
 97
 34
 20
 21
 59
  9
 23
  2
 79
 14
 24
 37
 85
 10
 81
 86
 82
 55
 41
 76
  1
 87
 95
 43
 62
  3
 13
 71
  8
 73
 25
 39
 72
 91
  7
 67
 70
 78
 60
 89
 40
 56
 35
 68
 22
  6
 15
 77
 69
 83
  4
 61
 22
 12
 52
 55
 13
 29
 88
 39
 69
 89
 37
 25
 43
 46
 73
 70
  7
 23
 67
 14
 27
 24
 76
 15
 80
 11
 93
 56
 45
 48
 17
 62
 81
 53
 92
 40
 28
 35
 63
 64
 66
 16
 98
  3
 44
 86
 18
 30
 90
 95
 34
 57
 87
  5
 49
 65
 26
 51
 10
 74
 85
 20
  6
 96
  9
  2
 31
 91
  1
 41
 71
 72
100
 99
 84
  8
 60
 33
 75
 38
 58
 47
 54
 19
 79
 68
 82
 50
 36
 97
 21
 77
 78
 32
 94
 59
 42
 57
 87
  5
 49
 65
 26
 51
 10
 74
 85
 20
  6
 96
  9
  2
 31
 91
  1
 41
 71
 72
100
 99
 84
  8
 60
 33
 75
 38
 58
 47
 54
 19
 79
 68
 82
 50
 36
 97
 21
 77
 78
 32
 94
 59
 42
 57
 87
  5
 49
 65
 26
 51
 10
 74
 85
 20
  6
 96
  9
  2
 31
 91
  1
 41
 71
 72
100
 99
 84
  8
 60
 33
 75
 38
 58
 47
 54
 19
 961
 602
 532
 518
 619
 486
  46
 207
 600
 500
 472
 888
 412
 739
 844
 158
 200
 481
 12
 33
 57
 53
 63
 84
 47
 49
 29
  5
 11
 12
 33
 57
 53
 63
 84
 47
 49
 29
  5
 11
 18
100
 36
 90
 92
 58
 83
 19
 98
 26
 94
 16
 30
 93
 54
 51
 65
 99
 48
 52
 38
 88
 17
 66
 28
 46
 97
 34
 20
 21
 59
  9
 23
  2
 79
 14
 24
 37
 85
 10
 81
 86
 82
 55
 41
 76
  1
 87
 95
 43
 62
  3
 13
 71
  8
 73
 25
 39
 72
 91
  7
 67
 70
 78
 60
 89
 40
 56
 35
 68
 22
  6
 15
 77
 69
 83
  4
 61
 22
 12
 52
 55
 13
 29
 88
 39
 69
 89
 37
 25
 43
 46
 73
 70
  7
 23
 67
 14
 27
 24
 76
 15
 80
 11
 93
 56
 45
 48
 17
 62
 81
 53
 92
 40
 28
 35
 63
 64
 66
 16
 98
  3
 44
 86
 18
 30
 90
 95
 34
 57
 87
  5
 49
 65
 26
 51
 10
 74
 85
 20
  6
 96
  9
  2
 31
 91
  1
 41
 71
 72
100
 99
 84
  8
 60
 33
 75
 38
 58
 47
 54
 19
 79
 68
 82
 50
 36
 97
 21
 77
 78
 32
 94
 59
 42
 57
 87
  5
 49
 65
 26
 51
 10
 74
 85
 20
  6
 96
  9
  2
 31
 91
  1
 41
 71
 72
100
 99
 84
  8
 60
 33
 75
 38
 58
 47
 54
 19
 79
 68
 82
 50
 36
 97
 21
 77
 78
 32
 94
 59
 42
 57
 87
  5
 49
 65
 26
 51
 10
 74
 85
 20
  6
 96
  9
  2
 31
 91
  1
 41
 71
 72
100
 99
 84
  8
 60
 33
 75
 38
 58
 47
 54
 19
 79
 68
 82
 50
 36
 97
 21
 77
 78
 32
 94
 59
 42
